2,(2)
3,(2)
4,(2)
5,1(4),(2)
6,(2)
7,1(3),(2)
8,(2)
9,(2)
10,2(4),(2)
11,1(1),(5)
12,(2)
13,1(12),(1)
14,1(1),(2)
15,1(1),(6)
16,(2)
17,3(1),(6)
18,(2)
19,1(4),(1)
20,4(4),(2)
21,2(1),(7)
22,2(1),(5)
23,1(1),(6)
24,(2)
25,8(1),(5)
26,2(12),(2)
27,(2)
28,2(1),(2)
29,2(4),(2)
30,1(1),(10)
31,2(1),(5)
32,(2)
33,3(1),(6)
34,1(2),(2)
35,4(1),(5)
36,(2)
37,1(12),(1)
38,1(1),(5)
39,1(1),(6)
40,1(2),(7)
41,3(2),(1)
42,3(1),(2)
43,4(1),(1)
44,4(1),(5)
45,2(1),(7)
46,2(1),(6)
47,3(4),(2)
48,(2)
49,4(1),(1)
50,11(4),(2)
51,9(1),(6)
52,4(12),(2)
53,1(4),(2)
54,(2)
55,3(7),(4)
56,1(1),(12)
57,1(7),(2)
58,3(1),(10)
59,1(2),(6)
60,4(1),(6)
61,10(4),(2)
62,1(1),(8)
63,1(1),(5)
64,(2)
65,1(4),(4)
66,6(1),(6)
67,9(2),(1)
68,2(2),(2)
69,3(1),(6)
70,8(1),(5)
71,1(1),(5)
72,(2)
73,5(7),(2)
74,2(12),(2)
75,4(1),(10)
76,2(1),(5)
77,1(4),(2)
78,2(1),(6)
79,8(1),(9)
80,2(2),(7)
81,(2)
82,6(7),(2)
83,2(2),(1)
84,6(1),(2)
85,14(1),(4)
86,8(5),(2)
87,6(4),(2)
88,8(1),(5)
89,4(1),(5)
90,3(1),(10)
91,2(1),(8)
92,4(1),(6)
93,6(2),(9)
94,3(1),(2)
95,4(1),(5)
96,(2)
97,3(2),(1)
98,7(1),(2)
99,9(1),(6)
100,7(1),(1)
101,5(12),(1)
102,3(2),(2)
103,23(7),(2)
104,8(12),(2)
105,12(2),(4)
106,2(4),(2)
107,1(1),(5)
108,(2)
109,9(1),(1)
110,1(1),(5)
111,3(12),(2)
112,8(1),(2)
113,24(1),(12)
114,2(7),(2)
115,3(1),(1)
116,1(1),(5)
117,3(1),(6)
118,2(2),(6)
119,9(1),(5)
120,3(2),(7)
121,5(2),(4)
122,9(1),(10)
123,9(5),(4)
124,2(1),(8)
125,7(1),(3)
126,2(1),(5)
127,5(2),(4)
128,(2)
129,7(1),(6)
130,2(4),(6)
131,1(2),(4)
132,12(1),(6)
133,3(2),(1)
134,7(1),(12)
135,6(1),(7)
136,4(2),(2)
137,4(1),(8)
138,6(1),(6)
139,2(1),(5)
140,3(1),(6)
141,9(4),(2)
142,2(1),(5)
143,2(2),(1)
144,(2)
145,27(1),(5)
146,10(7),(2)
147,2(1),(12)
148,4(12),(2)
149,44(4),(2)
150,8(2),(11)
151,32(1),(8)
152,4(1),(5)
153,5(4),(4)
154,2(4),(2)
155,1(2),(1)
156,4(1),(6)
157,14(1),(3)
158,13(1),(5)
159,3(4),(2)
160,4(2),(7)
161,2(4),(2)
162,(2)
163,14(1),(8)
164,12(7),(2)
165,4(1),(6)
166,1(2),(2)
167,21(2),(1)
168,3(2),(4)
169,3(1),(5)
170,3(1),(10)
171,3(7),(2)
172,5(1),(12)
173,4(1),(5)
174,9(1),(10)
175,3(1),(1)
176,16(1),(5)
177,3(2),(6)
178,8(1),(5)
179,7(4),(2)
180,8(1),(7)
181,59(1),(6)
182,4(1),(8)
183,1(1),(6)
184,8(1),(6)
185,17(12),(1)
186,3(2),(6)
187,8(1),(12)
188,5(1),(2)
189,15(2),(4)
190,8(1),(5)
191,22(1),(2)
192,(2)
193,27(2),(1)
194,6(7),(2)
195,3(4),(4)
196,14(1),(2)
197,1(4),(4)
198,18(1),(6)
199,1(3),(2)
200,5(2),(7)
201,10(1),(2)
202,10(12),(2)
203,4(1),(5)
204,6(2),(2)
205,11(2),(1)
206,21(1),(7)
207,9(1),(6)
208,16(12),(2)
209,6(1),(1)
210,7(1),(10)
211,8(1),(8)
212,4(4),(2)
213,3(3),(6)
214,2(1),(5)
215,22(1),(5)
216,(2)
217,29(2),(4)
218,18(1),(5)
219,15(7),(2)
220,2(1),(5)
221,12(1),(12)
222,6(12),(2)
223,21(2),(1)
224,7(1),(9)
225,12(1),(10)
226,1(2),(2)
227,20(1),(2)
228,4(7),(2)
229,18(1),(10)
230,6(1),(5)
231,3(4),(2)
232,2(1),(5)
233,39(2),(6)
234,6(1),(6)
235,13(1),(1)
236,4(2),(6)
237,19(1),(5)
238,7(2),(2)
239,2(2),(1)
240,6(2),(7)
241,9(2),(4)
242,10(2),(6)
243,(2)
244,21(1),(6)
245,118(1),(12)
246,1(1),(5)
247,23(4),(4)
248,4(1),(8)
249,6(2),(3)
250,14(4),(6)
251,2(2),(2)
252,4(1),(5)
253,5(1),(4)
254,10(7),(2)
255,22(1),(2)
256,(2)
257,47(1),(1)
258,14(1),(6)
259,13(4),(1)
260,4(4),(6)
261,18(4),(2)
262,1(1),(4)
263,3(7),(4)
264,24(1),(6)
265,28(2),(7)
266,6(7),(2)
267,12(2),(4)
268,9(1),(8)
269,24(1),(12)
270,9(1),(10)
271,46(2),(1)
272,8(2),(2)
273,6(2),(4)
274,8(1),(8)
275,6(1),(1)
276,12(1),(6)
277,12(1),(12)
278,4(1),(5)
279,18(2),(9)
280,5(1),(12)
281,10(1),(8)
282,9(1),(2)
283,49(3),(2)
284,4(1),(5)
285,12(2),(4)
286,4(3),(2)
287,46(1),(12)
288,(2)
289,39(2),(6)
290,54(1),(5)
291,9(5),(4)
292,7(1),(1)
293,51(2),(1)
294,4(2),(5)
295,11(1),(4)
296,8(12),(2)
297,27(1),(6)
298,71(1),(12)
299,40(1),(12)
300,16(2),(11)
301,27(2),(6)
302,43(1),(12)
303,15(12),(2)
304,8(1),(5)
305,44(1),(1)
306,9(2),(2)
307,15(7),(4)
308,4(4),(2)
309,35(1),(5)
310,2(7),(6)
311,2(2),(1)
312,8(1),(6)
313,27(2),(6)
314,28(2),(8)
315,36(2),(4)
316,11(1),(12)
317,22(1),(2)
318,6(4),(2)
319,35(2),(4)
320,8(2),(7)
321,3(3),(6)
322,4(4),(2)
323,5(1),(1)
324,(2)
325,34(4),(2)
326,1(1),(2)
327,27(3),(2)
328,7(2),(7)
329,2(1),(4)
330,3(2),(7)
331,2(1),(8)
332,2(2),(2)
333,9(12),(2)
334,7(1),(4)
335,34(1),(3)
336,24(1),(2)
337,20(1),(9)
338,6(1),(5)
339,1(1),(5)
340,35(1),(12)
341,17(12),(1)
342,6(7),(2)
343,1(4),(1)
344,32(5),(2)
345,9(3),(2)
346,8(1),(5)
347,19(1),(4)
348,3(2),(6)
349,25(12),(1)
350,6(1),(5)
351,9(1),(6)
352,32(1),(5)
353,38(4),(2)
354,6(2),(6)
355,68(1),(5)
356,16(1),(5)
357,27(2),(6)
358,14(4),(2)
359,41(1),(1)
360,9(2),(7)
361,58(1),(4)
362,11(4),(2)
363,15(2),(4)
364,8(1),(8)
365,2(4),(2)
366,2(1),(6)
367,59(2),(4)
368,16(1),(6)
369,19(2),(2)
370,34(12),(2)
371,32(4),(2)
372,6(2),(6)
373,14(1),(12)
374,16(2),(7)
375,14(1),(2)
376,10(1),(2)
377,140(2),(7)
378,7(1),(10)
379,14(1),(3)
380,16(1),(5)
381,13(4),(4)
382,44(1),(2)
383,145(1),(6)
384,(2)
385,53(2),(4)
386,29(4),(4)
387,21(1),(6)
388,9(1),(1)
389,3(2),(1)
390,6(4),(6)
391,36(1),(12)
392,7(1),(12)
393,3(2),(4)
394,2(4),(6)
395,12(1),(12)
396,23(1),(12)
397,67(3),(2)
398,2(3),(2)
399,9(5),(4)
400,10(2),(7)
