[1 1 0 0 1]
2,1([1]),([0 0 0 1])
3,1([1]),([1])
4,3([1]),2([1]),([0 1])
5,1([1]),([0 1 1])
6,3([1]),([1 0 0 1])
7,1([1]),([1])
8,3([1]),2([1]),([0 1])
9,1([1]),([1])
10,5([1]),([0 0 0 1])
11,1([1]),([0 1])
12,7([1]),5([1]),([1 0 0 1])
13,1([0 1]),([0 1])
14,7([1]),5([1]),([0 0 0 1])
15,1([1]),([1])
16,5([1]),2([1]),([1 0 0 1])
17,1([1]),([0 0 0 1])
18,9([1]),([1 0 0 1])
19,2([1]),([1 0 0 1])
20,5([1]),3([1]),([0 1])
21,1([0 1]),([0 0 1])
22,5([1]),2([1]),([0 1])
23,5([1]),([1])
24,3([1]),2([1]),([0 0 0 1])
25,3([1]),([1])
26,13([1]),10([1]),([1 0 0 1])
27,3([1]),([1 0 0 1])
28,3([1]),2([1]),([0 1])
29,2([1]),([1])
30,15([1]),([1 0 0 1])
31,3([1]),([1])
32,3([1]),2([1]),([0 1])
33,3([1]),([0 1])
34,17([1]),([0 0 0 1])
35,1([1]),([0 0 0 1])
36,7([1]),5([1]),([1 0 0 1])
37,1([0 1]),([0 1])
38,18([1]),9([1]),([1 0 0 1])
39,3([0 1]),([0 1])
40,9([1]),2([1]),([0 0 0 1])
41,3([1]),([1])
42,7([1]),5([1]),([1 0 0 1])
43,5([1]),([0 1 1])
44,5([1]),3([1]),([1 0 0 1])
45,5([1]),([1 0 0 1])
46,3([1]),2([1]),([0 0 0 1])
47,1([1]),([0 0 0 1])
48,5([1]),3([1]),([1 0 0 1])
49,9([1]),([1])
50,25([1]),([0 0 0 1])
51,3([1]),([1 0 0 1])
52,5([1]),2([1]),([0 1])
53,1([1]),([1 0 0 1])
54,27([1]),([1 0 0 1])
55,5([1]),([0 1])
56,9([1]),7([1]),([0 1])
57,4([1]),([1])
58,13([1]),9([1]),([1 0 0 1])
59,6([1]),([1 0 0 1])
60,9([1]),2([1]),([1 0 0 1])
61,7([0 1]),([0 1])
62,9([1]),7([1]),([1 0 0 1])
63,1([1]),([1])
64,5([1]),2([1]),([0 0 0 1])
65,5([0 1]),([0 1])
66,13([1]),7([1]),([0 1])
67,1([0 1]),([0 1])
68,3([1]),2([1]),([0 1])
69,4([0 1]),([0 0 1])
70,11([1]),3([1]),([1 0 0 1])
71,1([1]),([0 1])
72,5([1]),3([1]),([0 1])
73,3([0 1]),([1])
74,3([1]),2([1]),([0 0 0 1])
75,9([1]),([0 1])
76,11([1]),9([1]),([0 1])
77,9([1]),([0 0 0 1])
78,9([1]),3([1]),([1 0 0 1])
79,8([1]),([0 0 0 1])
80,19([1]),2([1]),([0 0 0 1])
81,4([1]),([1])
82,13([1]),5([1]),([0 1])
83,4([1]),([1 0 0 1])
84,9([1]),6([1]),([0 1])
85,1([0 1]),([0 0 1])
86,7([1]),5([1]),([1 0 0 1])
87,6([1]),([0 1 1])
88,5([1]),2([1]),([0 1])
89,21([1]),([1 0 0 1])
90,45([1]),([1 0 0 1])
91,10([0 1]),([1])
92,17([1]),15([1]),([0 1])
93,2([1]),([1])
94,23([1]),9([1]),([0 1])
95,1([1]),([0 1 1])
96,9([1]),3([1]),([0 1])
97,6([1]),([1])
98,15([1]),2([1]),([0 0 0 1])
99,9([1]),([0 1])
100,9([1]),6([1]),([0 1])
101,1([0 1]),([0 0 1])
102,51([1]),([1 0 0 1])
103,9([1]),([1])
104,25([1]),15([1]),([1 0 0 1])
105,3([0 1]),([0 0 1])
106,15([1]),2([1]),([1 0 0 1])
107,22([1]),([0 1])
108,17([1]),7([1]),([1 0 0 1])
109,32([1]),([0 0 0 1])
110,21([1]),2([1]),([0 0 0 1])
111,3([0 1]),([0 1])
112,3([1]),2([1]),([0 1])
113,7([1]),([0 0 0 1])
114,13([1]),3([1]),([1 0 0 1])
115,17([1]),([0 0 0 1])
116,3([1]),2([1]),([0 0 0 1])
117,9([0 1]),([0 1])
118,15([1]),9([1]),([0 0 0 1])
119,8([1]),([1])
120,15([1]),10([1]),([0 0 0 1])
121,5([1]),([0 0 0 1])
122,3([1]),2([1]),([0 1])
123,2([1]),([1])
124,21([1]),2([1]),([0 0 0 1])
125,3([1]),([0 1])
126,3([1]),2([1]),([0 1])
127,1([1]),([1])
128,31([1]),13([1]),([0 1])
129,5([1]),([1])
130,11([1]),9([1]),([0 0 0 1])
131,12([1]),([0 0 0 1])
132,15([1]),9([1]),([1 0 0 1])
133,5([1]),([0 0 0 1])
134,17([1]),13([1]),([0 0 0 1])
135,11([1]),([1])
136,9([1]),3([1]),([0 1])
137,21([1]),([1])
138,25([1]),11([1]),([1 0 0 1])
139,13([0 1]),([0 1])
140,13([1]),7([1]),([1 0 0 1])
141,3([0 1]),([1 0 1])
142,7([1]),5([1]),([1 0 0 1])
143,1([1]),([0 0 0 1])
144,15([1]),9([1]),([1 0 0 1])
145,10([0 0 0 1]),([0 1])
146,19([1]),13([1]),([0 1])
147,7([0 1]),([0 0 1])
148,17([1]),3([1]),([1 0 0 1])
149,25([1]),([0 1 1])
150,75([1]),([1 0 0 1])
151,3([1]),([1])
152,13([1]),7([1]),([1 0 0 1])
153,1([1]),([1])
154,17([1]),15([1]),([1 0 0 1])
155,15([1]),([1 0 0 1])
156,15([1]),6([1]),([0 1])
157,5([1]),([0 0 0 1])
158,15([1]),7([1]),([1 0 0 1])
159,3([1]),([1 0 0 1])
160,15([1]),5([1]),([0 1])
161,18([1]),([1])
162,81([1]),([1 0 0 1])
163,10([0 1]),([1])
164,29([1]),15([1]),([1 0 0 1])
165,15([1]),([0 1])
166,6([1]),3([1]),([1 0 0 1])
167,6([1]),([1])
168,21([1]),2([1]),([0 1])
169,31([1]),([0 1])
170,85([1]),([0 0 0 1])
171,18([1]),([1 0 0 1])
172,23([1]),17([1]),([1 0 0 1])
173,10([1]),([0 1 1])
174,5([1]),3([1]),([1 0 0 1])
175,5([1]),([0 0 0 1])
176,19([1]),13([1]),([0 0 0 1])
177,7([0 1]),([0 0 1])
178,18([1]),9([1]),([1 0 0 1])
179,27([1]),([1 0 0 1])
180,21([1]),14([1]),([0 0 0 1])
181,62([1]),([0 0 0 1])
182,7([1]),3([1]),([1 0 0 1])
183,21([0 1]),([0 1])
184,47([1]),33([1]),([0 1])
185,5([0 1]),([0 1])
186,15([1]),7([1]),([0 0 0 1])
187,27([0 1]),([1])
188,21([1]),2([1]),([0 1])
189,9([0 1]),([0 0 1])
190,22([1]),11([1]),([1 0 0 1])
191,9([1]),([1])
192,15([1]),5([1]),([0 1])
193,15([1]),([1])
194,15([1]),6([1]),([0 0 0 1])
195,15([0 1]),([0 1])
196,15([1]),9([1]),([0 0 0 1])
197,27([0 1]),([1])
198,25([1]),5([1]),([0 1])
199,34([1]),([1])
200,27([1]),21([1]),([0 0 0 1])
