[3 2 1]
2,1([1]),([0 1])
3,1([1]),([1])
4,1([1]),([1 1])
5,1([1]),([0 1])
6,1([1]),([0 1])
7,1([1]),([1])
8,1([1]),([2 1])
9,3([1]),([0 1])
10,2([1]),([0 1])
11,1([1]),([0 2])
12,2([1]),([0 1])
13,1([0 2]),([0 1])
14,2([1]),([1 1])
15,1([1]),([1 2])
16,1([0 1]),([2 2])
17,1([1 1]),([0 1])
18,3([1]),([0 1])
19,3([1 1]),([0 1])
20,4([1]),([0 1])
21,1([1]),([0 1])
22,2([1]),([0 2])
23,1([0 1]),([1])
24,3([1]),([2 1])
25,7([1]),([1 1])
26,1([1]),([0 1])
27,1([1]),([1])
28,3([1]),([2 2])
29,3([0 1]),([2 2])
30,2([2]),([0 2])
31,1([1]),([1])
32,1([1]),([2 1])
33,3([1]),([0 2])
34,2([1 1]),([0 1])
35,8([0 1]),([1 1])
36,5([1]),([0 1])
37,2([1]),([1 1])
38,3([1]),([2 2])
39,3([0 2]),([0 1])
40,8([1]),([0 1])
41,1([4]),([0 1])
42,2([1]),([0 1])
43,1([1]),([0 1])
44,3([1]),([4 1])
45,1([1]),([1 1])
46,2([1 1]),([0 1])
47,5([0 1]),([1])
48,3([0 1]),([0 4])
49,9([4]),([1])
50,14([1]),([1 1])
51,3([1 1]),([0 1])
52,2([1]),([0 1])
53,3([1]),([0 1])
54,2([2]),([1 1])
55,1([3 1]),([2])
56,3([1]),([3 2])
57,1([4]),([1])
58,6([0 1]),([2 2])
59,1([1]),([3 1])
60,4([2]),([0 2])
61,5([1]),([0 1])
62,1([1]),([1 1])
63,2([1]),([2])
64,2([1]),([2 1])
65,6([1]),([1])
66,6([1]),([0 2])
67,2([1]),([1 2])
68,3([1]),([0 2])
69,3([0 1]),([1 2])
70,16([0 1]),([1 1])
71,5([3 1]),([0 1])
72,9([1]),([2 1])
73,14([1]),([2])
74,1([1]),([4 1])
75,7([1]),([0 1])
76,3([1]),([1 2])
77,6([1]),([2])
78,1([1]),([0 2])
79,3([0 1]),([0 1])
80,16([1]),([0 1])
81,5([1]),([1 1])
82,2([4]),([0 1])
83,5([3 1]),([0 1])
84,4([1]),([0 1])
85,8([1]),([4 1])
86,2([1]),([0 1])
87,9([0 1]),([4 2])
88,3([1]),([4 2])
89,3([1]),([1])
90,2([1]),([1 1])
91,1([0 1]),([0 1])
92,4([1 1]),([0 1])
93,2([1]),([2])
94,10([0 2]),([1 1])
95,24([1]),([4])
96,3([1]),([2 1])
97,11([1]),([0 1])
98,9([1]),([4 1])
99,7([1]),([1 1])
100,28([1]),([1 1])
101,4([1]),([4])
102,6([1 1]),([0 1])
103,25([3 1]),([2])
104,3([1]),([2 2])
105,14([1]),([1 2])
106,6([1]),([0 1])
107,9([1]),([1])
108,4([2]),([1 1])
109,20([1]),([4])
110,2([1 2]),([1 1])
111,2([1]),([0 2])
112,10([1]),([1 1])
113,3([1]),([0 1])
114,1([1]),([3 2])
115,1([1]),([1])
116,12([0 1]),([2 2])
117,1([1 1]),([1])
118,2([2]),([0 2])
119,2([0 1]),([2])
120,8([2]),([0 2])
121,4([1]),([4])
122,10([1]),([0 1])
123,3([4]),([0 1])
124,2([1]),([1 1])
125,8([0 1]),([1 1])
126,4([0 1]),([2 2])
127,15([0 1]),([0 1])
128,1([1]),([2 1])
129,3([1]),([0 1])
130,12([0 1]),([0 2])
131,1([1]),([3 1])
132,5([1]),([4 2])
133,9([1]),([1 1])
134,4([0 1]),([2 2])
135,9([1]),([1 2])
136,6([1]),([0 2])
137,6([1]),([1 2])
138,6([1 1]),([0 1])
139,9([0 1]),([2 2])
140,32([0 1]),([1 1])
141,5([1 1]),([1])
142,9([1]),([2 2])
143,3([0 1]),([0 1])
144,9([0 1]),([0 4])
145,19([3 1]),([0 1])
146,19([1]),([3 1])
147,5([0 1]),([1])
148,3([1]),([2 2])
149,30([1]),([2])
150,14([1]),([0 1])
151,2([1]),([2])
152,5([1]),([1 1])
153,9([1 1]),([0 1])
154,12([0 1]),([0 4])
155,46([1]),([4 1])
156,1([1]),([4 2])
157,2([1]),([0 1])
158,1([1]),([3 1])
159,5([1]),([1])
160,32([1]),([0 1])
161,10([1]),([0 1])
162,10([1]),([1 1])
163,9([1]),([1])
164,4([4]),([0 1])
165,1([2]),([0 1])
166,3([1]),([2 2])
167,15([3]),([0 1])
168,8([1]),([0 1])
169,46([0 1]),([2 2])
170,16([0 1]),([2 2])
171,1([1]),([1])
172,4([1]),([0 1])
173,2([0 1]),([3])
174,17([1]),([1 2])
175,32([1]),([4 1])
176,6([1]),([4 2])
177,3([1]),([3 1])
178,6([2]),([1 1])
179,2([1]),([0 1])
180,4([1]),([1 1])
181,6([1]),([1 1])
182,2([0 1]),([0 1])
183,15([1]),([0 1])
184,8([1 1]),([0 1])
185,2([0 1]),([1 1])
186,3([0 1]),([2 1])
187,4([1]),([4])
188,1([1]),([3 1])
189,4([1]),([4])
190,48([0 1]),([0 4])
191,13([1]),([0 1])
192,6([1]),([2 1])
193,14([1]),([2])
194,22([1]),([0 1])
195,7([2]),([0 1])
196,30([1]),([2 2])
197,7([1]),([3 1])
198,14([1]),([1 1])
199,1([1]),([1 1])
200,56([1]),([1 1])
