[1 1 1]
2,1([1]),([0 1])
3,1([1]),([1])
4,3([1]),2([1]),([0 1])
5,1([1]),([0 1])
6,3([1]),([0 1])
7,1([1]),([1])
8,3([1]),2([1]),([0 1])
9,1([1]),([1])
10,5([1]),([0 1])
11,1([1]),([0 1])
12,7([1]),2([1]),([0 1])
13,5([1]),([0 1])
14,9([1]),5([1]),([0 1])
15,1([1]),([1])
16,3([1]),2([1]),([0 1])
17,3([1]),([1])
18,9([1]),([0 1])
19,3([1]),2([1]),([0 1])
20,5([1]),3([1]),([0 1])
21,2([1]),([1])
22,9([1]),7([1]),([0 1])
23,5([1]),([1])
24,7([1]),2([1]),([0 1])
25,3([1]),([1])
26,5([1]),3([1]),([0 1])
27,6([1]),3([1]),([0 1])
28,9([1]),2([1]),([0 1])
29,2([1]),([1])
30,15([1]),([0 1])
31,3([1]),([1])
32,3([1]),2([1]),([0 1])
33,3([1]),([0 1])
34,15([1]),13([1]),([0 1])
35,2([1]),([1])
36,7([1]),2([1]),([0 1])
37,17([1]),([0 1])
38,9([1]),7([1]),([0 1])
39,4([1]),([1])
40,15([1]),2([1]),([0 1])
41,3([1]),([1])
42,7([1]),2([1]),([0 1])
43,5([1]),([0 1])
44,19([1]),9([1]),([0 1])
45,9([1]),([0 1])
46,9([1]),2([1]),([0 1])
47,5([1]),([1])
48,9([1]),3([1]),([0 1])
49,9([1]),([1])
50,25([1]),([0 1])
51,9([0 1]),([0 1])
52,21([1]),19([1]),([0 1])
53,10([1]),([0 1])
54,27([1]),([0 1])
55,7([1]),([1])
56,45([1]),10([1]),([0 1])
57,4([1]),([1])
58,21([1]),19([1]),([0 1])
59,9([1]),7([1]),([0 1])
60,9([1]),3([1]),([0 1])
61,8([1]),6([1]),([0 1])
62,11([1]),3([1]),([0 1])
63,1([1]),([1])
64,21([1]),2([1]),([0 1])
65,18([1]),([1])
66,9([1]),3([1]),([0 1])
67,32([1]),([0 1])
68,11([1]),9([1]),([0 1])
69,15([1]),([0 1])
70,15([1]),5([1]),([0 1])
71,1([1]),([0 1])
72,13([1]),11([1]),([0 1])
73,20([1]),([0 1])
74,7([1]),3([1]),([0 1])
75,9([0 1]),([0 1])
76,5([1]),3([1]),([0 1])
77,9([1]),7([1]),([0 1])
78,9([1]),3([1]),([0 1])
79,9([1]),([1])
80,15([1]),5([1]),([0 1])
81,4([1]),([1])
82,13([1]),3([1]),([0 1])
83,16([1]),3([1]),([0 1])
84,27([1]),6([1]),([0 1])
85,41([1]),([0 1])
86,27([1]),19([1]),([0 1])
87,6([1]),([0 1])
88,9([1]),2([1]),([0 1])
89,38([1]),([1])
90,45([1]),([0 1])
91,8([1]),3([1]),([0 1])
92,17([1]),15([1]),([0 1])
93,2([1]),([1])
94,9([1]),5([1]),([0 1])
95,1([1]),([0 1])
96,9([1]),3([1]),([0 1])
97,6([1]),([1])
98,15([1]),13([1]),([0 1])
99,9([1]),([0 1])
100,15([1]),5([1]),([0 1])
101,6([1]),5([1]),([0 1])
102,29([1]),13([1]),([0 1])
103,9([1]),([1])
104,17([1]),3([1]),([0 1])
105,4([1]),([1])
106,27([1]),11([1]),([0 1])
107,22([1]),([0 1])
108,21([1]),6([1]),([0 1])
109,50([1]),([0 1])
110,17([1]),15([1]),([0 1])
111,10([1]),([1])
112,23([1]),21([1]),([0 1])
113,9([1]),([1])
114,19([1]),17([1]),([0 1])
115,18([1]),8([1]),([0 1])
116,9([1]),2([1]),([0 1])
117,45([1]),([0 1])
118,25([1]),9([1]),([0 1])
119,8([1]),([1])
120,35([1]),10([1]),([0 1])
121,18([1]),([1])
122,3([1]),2([1]),([0 1])
123,2([1]),([1])
124,15([1]),10([1]),([0 1])
125,6([1]),5([1]),([0 1])
126,6([1]),3([1]),([0 1])
127,1([1]),([1])
128,13([1]),3([1]),([0 1])
129,5([1]),([1])
130,15([1]),7([1]),([0 1])
131,11([1]),3([1]),([0 1])
132,55([1]),29([1]),([0 1])
133,8([1]),3([1]),([0 1])
134,9([1]),5([1]),([0 1])
135,11([1]),([1])
136,51([1]),17([1]),([0 1])
137,21([1]),([1])
138,27([1]),6([1]),([0 1])
139,12([1]),10([1]),([0 1])
140,45([1]),10([1]),([0 1])
141,15([1]),([0 1])
142,11([1]),3([1]),([0 1])
143,16([1]),6([1]),([0 1])
144,27([1]),9([1]),([0 1])
145,17([1]),([0 1])
146,17([1]),15([1]),([0 1])
147,14([1]),([1])
148,9([1]),7([1]),([0 1])
149,25([1]),([0 1])
150,75([1]),([0 1])
151,3([1]),([1])
152,3([1]),2([1]),([0 1])
153,1([1]),([1])
154,21([1]),2([1]),([0 1])
155,31([1]),([0 1])
156,61([1]),23([1]),([0 1])
157,15([1]),10([1]),([0 1])
158,21([1]),7([1]),([0 1])
159,30([1]),([0 1])
160,15([1]),5([1]),([0 1])
161,18([1]),([1])
162,81([1]),([0 1])
163,12([1]),4([1]),([0 1])
164,33([1]),19([1]),([0 1])
165,21([1]),([0 1])
166,17([1]),3([1]),([0 1])
167,6([1]),([1])
168,13([1]),11([1]),([0 1])
169,34([1]),([1])
170,19([1]),15([1]),([0 1])
171,20([1]),17([1]),([0 1])
172,13([1]),3([1]),([0 1])
173,10([1]),([0 1])
174,19([1]),17([1]),([0 1])
175,6([1]),([1])
176,13([1]),3([1]),([0 1])
177,8([1]),([1])
178,39([1]),13([1]),([0 1])
179,12([1]),7([1]),([0 1])
180,19([1]),5([1]),([0 1])
181,13([1]),9([1]),([0 1])
182,35([1]),15([1]),([0 1])
183,56([1]),([1])
184,27([1]),25([1]),([0 1])
185,24([1]),([1])
186,23([1]),17([1]),([0 1])
187,50([1]),([0 1])
188,39([1]),13([1]),([0 1])
189,27([1]),([0 1])
190,45([1]),35([1]),([0 1])
191,9([1]),([1])
192,49([1]),2([1]),([0 1])
193,15([1]),([1])
194,27([1]),23([1]),([0 1])
195,54([0 1]),([0 1])
196,21([1]),11([1]),([0 1])
197,9([1]),4([1]),([0 1])
198,10([1]),5([1]),([0 1])
199,34([1]),([1])
200,23([1]),9([1]),([0 1])
201,14([1]),([1])
202,11([1]),9([1]),([0 1])
203,88([1]),([0 1])
204,33([1]),27([1]),([0 1])
205,11([1]),3([1]),([0 1])
206,25([1]),3([1]),([0 1])
207,43([1]),([1])
208,23([1]),21([1]),([0 1])
209,6([1]),([1])
210,29([1]),23([1]),([0 1])
211,18([1]),7([1]),([0 1])
212,21([1]),7([1]),([0 1])
213,3([1]),([0 1])
214,3([1]),2([1]),([0 1])
215,23([1]),([1])
216,39([1]),33([1]),([0 1])
217,45([1]),([1])
218,29([1]),27([1]),([0 1])
219,60([1]),([0 1])
220,17([1]),15([1]),([0 1])
221,17([1]),3([1]),([0 1])
222,21([1]),9([1]),([0 1])
223,33([1]),([1])
224,71([1]),9([1]),([0 1])
225,27([0 1]),([0 1])
226,27([1]),11([1]),([0 1])
227,52([1]),([0 1])
228,15([1]),9([1]),([0 1])
229,44([1]),([0 1])
230,17([1]),15([1]),([0 1])
231,26([1]),([1])
232,9([1]),2([1]),([0 1])
233,74([1]),([1])
234,19([1]),17([1]),([0 1])
235,104([1]),([0 1])
236,43([1]),9([1]),([0 1])
237,27([0 1]),([0 1])
238,39([1]),7([1]),([0 1])
239,4([1]),([0 1])
240,45([1]),15([1]),([0 1])
241,70([1]),([1])
242,23([1]),9([1]),([0 1])
243,6([1]),3([1]),([0 1])
244,19([1]),9([1]),([0 1])
245,15([1]),7([1]),([0 1])
246,19([1]),13([1]),([0 1])
247,80([1]),([0 1])
248,65([1]),39([1]),([0 1])
249,35([1]),([1])
250,125([1]),([0 1])
251,46([1]),([0 1])
252,49([1]),14([1]),([0 1])
253,23([1]),([0 1])
254,39([1]),13([1]),([0 1])
255,52([1]),([1])
256,57([1]),19([1]),([0 1])
257,12([1]),([1])
258,43([1]),5([1]),([0 1])
259,8([1]),3([1]),([0 1])
260,63([1]),61([1]),([0 1])
261,18([1]),([0 1])
262,15([1]),2([1]),([0 1])
263,93([1]),([1])
264,27([1]),6([1]),([0 1])
265,42([1]),([1])
266,11([1]),3([1]),([0 1])
267,114([1]),([0 1])
268,37([1]),27([1]),([0 1])
269,10([1]),9([1]),([0 1])
270,135([1]),([0 1])
271,20([1]),([0 1])
272,51([1]),17([1]),([0 1])
273,23([1]),([1])
274,39([1]),19([1]),([0 1])
275,88([1]),([0 1])
276,35([1]),10([1]),([0 1])
277,11([1]),9([1]),([0 1])
278,27([1]),17([1]),([0 1])
279,5([1]),([1])
280,27([1]),2([1]),([0 1])
281,93([1]),([1])
282,27([1]),15([1]),([0 1])
283,83([1]),([0 1])
284,27([1]),5([1]),([0 1])
285,3([1]),([0 1])
286,17([1]),3([1]),([0 1])
287,71([1]),([1])
288,27([1]),9([1]),([0 1])
289,21([1]),([1])
290,5([1]),3([1]),([0 1])
291,18([0 1]),([0 1])
292,17([1]),15([1]),([0 1])
293,21([1]),4([1]),([0 1])
294,14([1]),7([1]),([0 1])
295,23([1]),([0 1])
296,3([1]),2([1]),([0 1])
297,5([1]),([1])
298,71([1]),21([1]),([0 1])
299,85([1]),([0 1])
300,45([1]),15([1]),([0 1])
301,11([1]),([0 1])
302,11([1]),3([1]),([0 1])
303,1([1]),([1])
304,15([1]),10([1]),([0 1])
305,102([1]),([1])
306,19([1]),2([1]),([0 1])
307,11([1]),3([1]),([0 1])
308,99([1]),37([1]),([0 1])
309,27([0 1]),([0 1])
310,51([1]),5([1]),([0 1])
311,18([1]),11([1]),([0 1])
312,9([1]),3([1]),([0 1])
313,79([1]),([1])
314,27([1]),19([1]),([0 1])
315,18([1]),([0 1])
316,61([1]),27([1]),([0 1])
317,82([1]),([0 1])
318,9([1]),3([1]),([0 1])
319,36([1]),([1])
320,65([1]),39([1]),([0 1])
321,31([1]),([1])
322,39([1]),31([1]),([0 1])
323,103([1]),([0 1])
324,35([1]),13([1]),([0 1])
325,17([1]),([0 1])
326,55([1]),3([1]),([0 1])
327,34([1]),([1])
328,53([1]),3([1]),([0 1])
329,34([1]),([0 1])
330,41([1]),35([1]),([0 1])
331,19([1]),6([1]),([0 1])
332,47([1]),33([1]),([0 1])
333,2([1]),([1])
334,35([1]),15([1]),([0 1])
335,4([1]),([0 1])
336,55([1]),5([1]),([0 1])
337,55([1]),([1])
338,27([1]),23([1]),([0 1])
339,27([0 1]),([0 1])
340,35([1]),9([1]),([0 1])
341,1([1]),([0 1])
342,35([1]),10([1]),([0 1])
343,75([1]),([1])
344,17([1]),15([1]),([0 1])
345,22([1]),([1])
346,15([1]),10([1]),([0 1])
347,9([1]),4([1]),([0 1])
348,27([1]),6([1]),([0 1])
349,28([1]),12([1]),([0 1])
350,23([1]),15([1]),([0 1])
351,34([1]),([1])
352,23([1]),9([1]),([0 1])
353,69([1]),([1])
354,49([1]),17([1]),([0 1])
355,32([1]),([0 1])
356,31([1]),21([1]),([0 1])
357,24([1]),([0 1])
358,15([1]),10([1]),([0 1])
359,68([1]),([1])
360,65([1]),55([1]),([0 1])
361,11([1]),6([1]),([0 1])
362,27([1]),2([1]),([0 1])
363,54([0 1]),([0 1])
364,61([1]),27([1]),([0 1])
365,34([1]),([0 1])
366,9([1]),6([1]),([0 1])
367,21([1]),([1])
368,23([1]),9([1]),([0 1])
369,27([0 1]),([0 1])
370,15([1]),2([1]),([0 1])
371,30([1]),10([1]),([0 1])
372,7([1]),2([1]),([0 1])
373,21([1]),7([1]),([0 1])
374,13([1]),9([1]),([0 1])
375,16([1]),([1])
376,35([1]),21([1]),([0 1])
377,41([1]),([1])
378,15([1]),3([1]),([0 1])
379,4([1]),3([1]),([0 1])
380,25([1]),15([1]),([0 1])
381,3([1]),([0 1])
382,21([1]),17([1]),([0 1])
383,90([1]),([1])
384,39([1]),9([1]),([0 1])
385,6([1]),([1])
386,11([1]),9([1]),([0 1])
387,45([1]),([0 1])
388,67([1]),21([1]),([0 1])
389,49([1]),([0 1])
390,45([1]),21([1]),([0 1])
391,28([1]),([1])
392,103([1]),69([1]),([0 1])
393,7([1]),([1])
394,25([1]),9([1]),([0 1])
395,7([1]),([0 1])
396,71([1]),13([1]),([0 1])
397,25([1]),6([1]),([0 1])
398,41([1]),39([1]),([0 1])
399,26([1]),([1])
400,57([1]),19([1]),([0 1])
