[1 1 0 1]
2,1([1]),([1])
3,1([1]),([0 1])
4,1([1]),([1])
5,2([1]),([1])
6,1([1]),([0 1])
7,1([1]),([1])
8,6([1]),3([1]),([1 1])
9,1([1]),([1 1])
10,3([1]),([1])
11,2([1]),([1])
12,3([1]),([1 1])
13,7([1]),3([1]),([0 1])
14,5([1]),([1])
15,4([1]),3([1]),([0 1])
16,7([1]),2([1]),([1 1])
17,3([1]),([1])
18,3([1]),([0 1])
19,6([1]),2([1]),([1 1])
20,3([1]),([1])
21,7([1]),([0 1])
22,1([1]),([1])
23,3([1]),([0 1])
24,11([1]),9([1]),([1 1])
25,3([1]),([1])
26,11([1]),([0 1])
27,2([1]),([0 1])
28,1([1]),([1])
29,2([1]),([1])
30,5([1]),3([1]),([0 1])
31,3([1]),([1])
32,14([1]),5([1]),([1 1])
33,16([1]),([0 1])
34,3([1]),([1 1])
35,2([1]),([1])
36,9([1]),([1 1])
37,4([1]),3([1]),([1 1])
38,9([1]),4([1]),([1 1])
39,5([1]),([0 1])
40,13([1]),7([1]),([0 1])
41,1([1]),([0 1])
42,7([1]),([0 1])
43,5([1]),2([1]),([1 1])
44,5([1]),([1])
45,11([1]),6([1]),([0 1])
46,1([1]),([1])
47,5([1]),([1])
48,18([1]),3([1]),([0 1])
49,9([1]),([1])
50,7([1]),2([1]),([0 1])
51,8([1]),6([1]),([0 1])
52,3([1]),([1])
53,3([1]),2([1]),([1 1])
54,9([1]),([0 1])
55,1([1]),([0 1])
56,13([1]),3([1]),([0 1])
57,13([1]),([0 1])
58,19([1]),([1])
59,18([1]),2([1]),([1 1])
60,1([1]),([1 1])
61,18([1]),2([1]),([0 1])
62,29([1]),([1])
63,7([1]),([1 1])
64,5([1]),2([1]),([1 1])
65,6([1]),([0 1])
66,15([1]),7([1]),([1 1])
67,10([1]),2([1]),([1 1])
68,9([1]),([1])
69,7([1]),2([1]),([1 1])
70,21([1]),([0 1])
71,6([1]),([1])
72,31([1]),5([1]),([0 1])
73,1([1]),([0 1])
74,35([1]),([1])
75,3([1]),2([1]),([0 1])
76,21([1]),([1])
77,14([0 1]),([0 0 1])
78,33([1]),([0 1])
79,4([1]),([1 1])
80,21([1]),15([1]),([1 1])
81,1([1]),([1 1])
82,15([1]),7([1]),([1 1])
83,2([1]),([0 1])
84,21([1]),([1 1])
85,5([1]),2([1]),([1 1])
86,1([1]),([1 1])
87,9([1]),4([1]),([1 1])
88,19([1]),17([1]),([1 1])
89,11([1]),([0 1])
90,4([1]),3([1]),([0 1])
91,9([1]),8([1]),([0 1])
92,17([1]),([0 1])
93,6([1]),5([1]),([1 1])
94,21([1]),([1])
95,11([1]),([1])
96,41([1]),15([1]),([0 1])
97,6([1]),([1])
98,11([1]),([1])
99,9([1]),4([1]),([0 1])
100,1([1]),([1 1])
101,14([1]),9([1]),([1 1])
102,45([1]),([0 1])
103,9([1]),([1])
104,9([1]),7([1]),([1 1])
105,6([1]),2([1]),([1 1])
106,15([1]),([1])
107,5([1]),4([1]),([0 1])
108,27([1]),([1 1])
109,22([1]),2([1]),([1 1])
110,33([1]),([1])
111,19([1]),([1 1])
112,37([1]),2([1]),([1 1])
113,5([1]),([0 1])
114,19([1]),([0 1])
115,6([1]),5([1]),([1 1])
116,17([1]),([0 1])
117,18([1]),2([1]),([0 1])
118,33([1]),([1])
119,8([1]),([1])
120,37([1]),11([1]),([0 1])
121,10([1]),([0 1])
122,7([1]),5([1]),([0 1])
123,34([1]),29([1]),([1 1])
124,19([1]),([1])
125,8([1]),2([1]),([0 1])
126,21([1]),([0 1])
127,1([1]),([1])
128,59([1]),33([1]),([0 1])
129,12([1]),4([1]),([1 1])
130,3([1]),([1])
131,14([1]),12([1]),([1 1])
132,4([1]),3([1]),([0 1])
133,20([1]),2([1]),([1 1])
134,57([1]),([1])
135,29([1]),([1 1])
136,25([1]),15([1]),([0 1])
137,21([1]),([1])
138,3([1]),([1 1])
139,17([1]),8([1]),([1 1])
140,15([1]),([1])
141,6([1]),5([1]),([0 1])
142,21([1]),([1])
143,12([1]),([1 1])
144,53([1]),7([1]),([0 1])
145,18([1]),([0 1])
146,71([1]),([1])
147,49([1]),([0 1])
148,27([1]),([1])
149,4([1]),3([1]),([1 1])
150,6([1]),5([1]),([1 1])
151,3([1]),([1])
152,15([1]),9([1]),([1 1])
153,23([1]),([0 1])
154,7([1]),([0 1])
155,62([1]),([1])
156,5([1]),([0 1])
157,22([1]),4([1]),([0 1])
158,29([1]),16([1]),([1 1])
159,23([1]),([0 1])
160,47([1]),21([1]),([0 1])
161,18([1]),([1])
162,27([1]),([0 1])
163,18([1]),10([1]),([1 1])
164,7([1]),6([1]),([0 1])
165,14([1]),13([1]),([1 1])
166,37([1]),([1])
167,6([1]),([1])
168,39([1]),9([1]),([0 1])
169,4([1]),([1 1])
170,11([1]),([1])
171,6([1]),5([1]),([1 1])
172,1([1]),([1])
173,36([1]),34([1]),([0 1])
174,21([1]),12([1]),([0 1])
175,6([1]),([1])
176,5([1]),2([1]),([1 1])
177,46([1]),([1 1])
178,31([1]),([1])
179,6([1]),3([1]),([0 1])
180,3([1]),([1 1])
181,14([1]),3([1]),([0 1])
182,77([1]),([0 1])
183,41([1]),([0 1])
184,59([1]),25([1]),([1 1])
185,19([1]),([1 1])
186,15([1]),9([1]),([0 1])
187,4([1]),2([1]),([0 1])
188,15([1]),([0 1])
189,14([1]),([0 1])
190,53([1]),([1 1])
191,9([1]),([1])
192,15([1]),6([1]),([1 1])
193,3([1]),([0 1])
194,87([1]),([1])
195,18([1]),8([1]),([1 1])
196,3([1]),([1])
197,16([1]),11([1]),([1 1])
198,25([1]),([1 1])
199,19([1]),([1 1])
200,65([1]),35([1]),([0 1])
201,11([1]),3([1]),([1 1])
202,51([1]),([0 1])
203,14([0 1]),([1 0 1])
204,45([1]),([0 1])
205,39([1]),22([1]),([0 1])
206,23([1]),21([1]),([1 1])
207,17([1]),7([1]),([1 1])
208,21([1]),3([1]),([0 1])
209,6([1]),([1])
210,15([1]),8([1]),([1 1])
211,34([1]),30([1]),([0 1])
212,59([1]),([0 1])
213,16([1]),7([1]),([1 1])
214,73([1]),([1])
215,23([1]),([1])
216,35([1]),13([1]),([0 1])
217,21([1]),([0 1])
218,11([1]),([1])
219,73([1]),([0 1])
220,7([1]),([1])
221,7([1]),4([1]),([0 1])
222,21([1]),12([1]),([1 1])
223,33([1]),([1])
224,43([1]),33([1]),([1 1])
225,67([1]),([1 1])
226,43([1]),32([1]),([1 1])
227,18([1]),2([1]),([1 1])
228,29([1]),([1 1])
229,18([1]),9([1]),([0 1])
230,14([1]),13([1]),([1 1])
231,112([1]),([0 1])
232,5([1]),2([1]),([1 1])
233,1([1]),([1 1])
234,99([1]),([0 1])
235,9([1]),8([1]),([0 1])
236,5([1]),([1])
237,15([1]),2([1]),([0 1])
238,21([1]),([1 1])
239,23([1]),([1 1])
240,41([1]),7([1]),([1 1])
241,32([1]),([0 1])
242,23([1]),([1 1])
243,14([1]),11([1]),([1 1])
244,111([1]),([1])
245,98([0 1]),([0 1 1])
246,21([1]),3([1]),([1 1])
247,81([1]),([1 1])
248,33([1]),6([1]),([0 1])
249,29([1]),([1 1])
250,103([1]),([1])
251,23([1]),14([1]),([1 1])
252,63([1]),([1 1])
253,46([1]),([1])
254,25([1]),([1 1])
255,7([1]),3([1]),([0 1])
256,59([1]),49([1]),([1 1])
257,12([1]),([1])
258,3([1]),([1 1])
259,18([1]),8([1]),([0 1])
260,9([1]),([1 1])
261,4([1]),3([1]),([1 1])
262,97([1]),([1 1])
263,2([1]),([1 1])
264,53([1]),2([1]),([0 1])
265,42([1]),([1])
266,47([1]),([1])
267,38([1]),13([1]),([1 1])
268,25([1]),([1])
269,10([1]),7([1]),([1 1])
270,12([1]),9([1]),([0 1])
271,20([1]),([1 1])
272,23([1]),21([1]),([1 1])
273,35([1]),([0 1])
274,67([1]),([1])
275,12([1]),10([1]),([0 1])
276,51([1]),([0 1])
277,26([1]),21([1]),([1 1])
278,5([1]),([1])
279,26([1]),([1 1])
280,45([1]),23([1]),([1 1])
281,93([1]),([1])
282,7([1]),6([1]),([1 1])
283,14([1]),13([1]),([0 1])
284,29([1]),([1 1])
285,43([1]),6([1]),([0 1])
286,69([1]),([1])
287,7([1]),([0 1])
288,23([1]),13([1]),([0 1])
289,5([1]),([0 1])
290,27([1]),7([1]),([0 1])
291,23([1]),22([1]),([1 1])
292,37([1]),([1])
293,52([1]),47([1]),([1 1])
294,49([1]),([0 1])
295,48([1]),([1])
296,25([1]),10([1]),([1 1])
297,104([1]),([1 1])
298,43([1]),([1 1])
299,10([1]),7([1]),([0 1])
300,3([1]),([1 1])

