[1 0 1]
2,1([1]),([0 1])
3,1([1]),([0 1])
4,1([1]),([1 1])
5,1([1]),([1 1])
6,2([1]),([1 1])
7,1([1]),([1 1])
8,2([1]),([1 1])
9,2([1]),([0 1])
10,1([1]),([2 1])
11,2([1]),([2])
12,4([1]),([1 1])
13,1([1]),([1 1])
14,1([1]),([0 1])
15,2([1]),([2])
16,4([1]),([1 1])
17,1([2]),([1])
18,4([1 1]),([1 1])
19,2([1]),([2])
20,2([1]),([2 1])
21,5([2]),([1])
22,4([1 1]),([2 1])
23,3([1]),([1 1])
24,8([1]),([1 1])
25,3([1]),([0 1])
26,1([1]),([0 1])
27,7([1]),([1 1])
28,4([1]),([1 1])
29,4([1]),([2])
30,4([1 1]),([2 1])
31,5([1]),([0 1])
32,8([1]),([1 1])
33,2([1]),([0 1])
34,2([2]),([1 1])
35,2([1]),([2])
36,8([1 1]),([1 1])
37,6([1]),([2])
38,1([1]),([0 1])
39,7([2]),([1])
40,4([1]),([2 1])
41,1([2]),([1])
42,10([2]),([1 1])
43,10([1]),([0 1])
44,7([1]),([1 1])
45,17([1]),([1 1])
46,6([1]),([1 1])
47,15([2]),([1])
48,16([1]),([1 1])
49,10([1]),([0 1])
50,5([1]),([2 1])
51,1([1]),([0 1])
52,4([1]),([1 1])
53,13([2]),([1])
54,14([1]),([1 1])
55,1([1 1]),([0 1])
56,8([1]),([1 1])
57,7([1]),2([1]),([2])
58,8([1 1]),([1 1])
59,5([1]),([1 1])
60,8([1 1]),([2 1])
61,1([1 1]),([1])
62,7([1]),([0 1])
63,22([1]),([0 1])
64,16([1]),([1 1])
65,5([1]),3([1]),([1])
66,4([1 1]),([1 1])
67,2([1]),([2])
68,4([2]),([1 1])
69,10([1]),([0 1])
70,4([1 1]),([2 1])
71,3([1 1]),([1])
72,16([1 1]),([1 1])
73,1([2]),([1])
74,12([1 1]),([2 1])
75,5([1]),4([1]),([0 1])
76,8([1 1]),([2 1])
77,16([1]),([2])
78,14([2]),([1 1])
79,26([1]),([2])
80,8([1]),([2 1])
81,26([1]),([0 1])
82,2([2]),([1 1])
83,5([1]),([1 1])
84,20([2]),([1 1])
85,12([1]),([1 1])
86,20([1 1]),([1 1])
87,26([1]),([2])
88,14([1]),([1 1])
89,2([1]),([0 1])
90,34([1]),([1 1])
91,1([1]),([1 1])
92,12([1]),([1 1])
93,23([1]),([0 1])
94,30([2]),([1 1])
95,11([1 1]),([1])
96,32([1]),([1 1])
97,12([1]),([2])
98,1([1]),([0 1])
99,5([1]),([1 1])
100,10([1]),([2 1])
101,10([1]),([2 1])
102,2([0 1]),([2 1])
103,21([1]),([1 1])
104,8([1]),([1 1])
105,6([1]),2([1]),([1])
106,26([2]),([1 1])
107,3([2]),([1])
108,28([1]),([1 1])
109,3([1]),([1 1])
110,2([1 1]),([1 1])
111,2([1]),([2])
112,16([1]),([1 1])
113,19([1]),([0 1])
114,14([1]),4([1]),([1 1])
115,32([1]),([2])
116,7([1]),([1 1])
117,19([1]),([1 1])
118,10([1]),([1 1])
119,2([1]),([2])
120,16([1 1]),([2 1])
121,1([2]),([1])
122,2([2 1]),([1 1])
123,49([1]),([1 1])
124,1([1]),([1 1])
125,19([1 1]),([0 1])
126,44([1 1]),([1 1])
127,3([1 1]),([1])
128,32([1]),([1 1])
129,19([1]),([1 1])
130,5([1]),([0 1])
131,12([1]),([1 1])
132,8([1 1]),([1 1])
133,3([1 1]),([0 1])
134,4([1 1]),([2 1])
135,44([1]),([2])
136,8([2]),([1 1])
137,1([2]),([1])
138,20([1 1]),([1 1])
139,30([1]),([0 1])
140,8([1 1]),([2 1])
141,5([2]),([1])
142,6([2 1]),([1 1])
143,2([1]),([0 1])
144,32([1 1]),([1 1])
145,24([1]),([2])
146,2([2]),([1 1])
147,8([1]),([2])
148,1([1]),([1 1])
149,50([1]),([0 1])
150,12([1]),10([1]),([1 1])
151,2([1]),([2])
152,16([1 1]),([2 1])
153,59([1]),([0 1])
154,25([1]),([2 1])
155,12([1]),([2])
156,28([2]),([1 1])
157,22([1]),([2])
158,3([1]),([2 1])
159,22([1]),([0 1])
160,16([1]),([2 1])
161,12([1]),([1 1])
162,52([1 1]),([1 1])
163,30([1]),([2 1])
164,4([2]),([1 1])
165,22([1]),([2])
166,10([1]),([1 1])
167,71([2]),([1])
168,40([2]),([1 1])
169,15([1]),([1 1])
170,24([1]),([1 1])
171,20([1]),([2])
172,40([1 1]),([1 1])
173,7([1]),([0 1])
174,52([1 1]),([2 1])
175,41([1 1]),([0 1])
176,28([1]),([1 1])
177,52([1]),([2])
178,4([1 1]),([1 1])
179,45([1 1]),([0 1])
180,68([1]),([1 1])
181,3([1]),([1 1])
182,2([1]),([1 1])
183,1([1]),([1 1])
184,24([1]),([1 1])
185,63([1 1]),([0 1])
186,46([0 1]),([2 1])
187,8([1]),([2])
188,60([2]),([1 1])
189,70([1]),([0 1])
190,5([1]),([0 1])
191,46([1]),([2 1])
192,64([1]),([1 1])
193,12([1]),([2])
194,24([1 1]),([1 1])
195,26([1]),([2])
196,40([1]),([2 1])
197,2([1]),([0 1])
198,10([1]),([1 1])
199,35([1]),([1 1])
200,20([1]),([2 1])
201,74([1]),([0 1])
202,20([1]),([2 1])
203,3([2]),([1])
204,4([0 1]),([2 1])
205,9([1]),([1 1])
206,42([1]),([1 1])
207,61([1]),([1 1])
208,16([1]),([1 1])
209,2([1]),([0 1])
210,10([1]),5([1]),([1 1])
211,4([1]),([1 1])
212,51([1]),([1 1])
213,79([1]),([1 1])
214,6([2]),([1 1])
215,36([1]),([2])
216,56([1]),([1 1])
217,85([1]),([1 1])
218,6([1]),([1 1])
219,25([1]),([0 1])
220,4([1 1]),([1 1])
221,63([1]),([1 1])
222,4([1 1]),([2 1])
223,10([1]),([0 1])
224,32([1]),([1 1])
225,16([1]),([2])
226,38([0 1]),([2 1])
227,11([2]),([1])
228,10([1]),2([1]),([2 1])
229,70([1]),([0 1])
230,64([1 1]),([2 2])
231,14([1]),([0 1])
232,14([1]),([1 1])
233,29([1 1]),([1])
234,38([1]),([1 1])
235,21([1 1]),([0 1])
236,20([1]),([1 1])
237,70([1]),([2])
238,4([1 1]),([2 1])
239,5([1]),([0 1])
240,32([1 1]),([2 1])
241,7([1]),([1 1])
242,2([2]),([1 1])
243,49([1]),([1 1])
244,4([2 1]),([1 1])
245,12([1]),([1 1])
246,98([1]),([1 1])
247,118([1]),([0 1])
248,2([1]),([1 1])
249,26([1]),([0 1])
250,25([1]),([2 1])
251,9([1]),([0 1])
252,88([1 1]),([1 1])
253,1([1 1]),([1])
254,6([2 1]),([1 1])
255,26([1]),([2])
256,64([1]),([1 1])
257,22([1]),([2])
258,38([1]),([1 1])
259,65([1]),([0 1])
260,33([1]),([1 1])
261,119([1]),([0 1])
262,24([1]),([1 1])
263,69([1]),([0 1])
264,16([1 1]),([1 1])
265,61([1]),([1 1])
266,6([1 1]),([1 1])
267,38([1]),([0 1])
268,3([1]),([1 1])
269,7([1]),([0 1])
270,88([1 1]),([1 1])
271,50([1]),([2])
272,16([2]),([1 1])
273,46([1]),([2])
274,2([2]),([1 1])
275,12([1]),([2])
276,40([1 1]),([1 1])
277,24([1]),([2])
278,55([1]),([0 1])
279,7([2]),([1])
280,16([1 1]),([2 1])
281,27([1]),([1 1])
282,10([2]),([1 1])
283,23([1]),([1 1])
284,12([2 1]),([1 1])
285,89([1]),([1 1])
286,4([1 1]),([1 1])
287,101([1]),([0 1])
288,64([1 1]),([1 1])
289,73([2]),([1])
290,45([1]),([2 1])
291,25([1]),([0 1])
292,4([2]),([1 1])
293,7([1]),([0 1])
294,16([1 1]),([2 2])
295,36([1]),([1 1])
296,2([1]),([1 1])
297,10([1]),([0 1])
298,100([1 1]),([1 1])
299,5([1 1]),([0 1])
300,24([1]),20([1]),([1 1])
301,30([1]),([2])
302,4([1 1]),([2 1])
303,65([1]),([1 1])
304,32([1 1]),([2 1])
305,46([1]),([2])
306,118([0 1]),([2 1])
307,12([1]),([1 1])
308,50([1]),([2 1])
309,14([1]),11([1]),([2])
310,24([1 1]),([1 1])
311,21([1]),([1 1])
312,56([2]),([1 1])
313,52([1]),([1 1])
314,17([1]),([2 1])
315,22([1]),([0 1])
316,6([1]),([2 1])
317,7([1]),([0 1])
318,44([1 1]),([1 1])
319,10([1]),9([1]),([2])
320,32([1]),([2 1])
321,14([1]),([0 1])
322,5([1]),([0 1])
323,9([1]),([0 1])
324,104([1 1]),([1 1])
325,114([1]),([0 1])
326,60([1]),([2 1])
327,7([2]),([1])
328,8([2]),([1 1])
329,52([1]),([2])
330,44([1 1]),([2 1])
331,2([1]),([2])
332,20([1]),([1 1])
333,19([1]),([1 1])
334,142([2]),([1 1])
335,8([1]),([2])
336,80([2]),([1 1])
337,3([1]),([0 1])
338,7([1]),([0 1])
339,49([1]),([0 1])
340,48([1]),([1 1])
341,3([1]),([1 1])
342,40([1 1]),([1 1])
343,12([1]),([1 1])
344,80([1 1]),([1 1])
345,71([1]),([1 1])
346,14([0 1]),([2 1])
347,18([1]),([2])
348,104([1 1]),([2 1])
349,54([1]),([2])
350,19([1]),([2 1])
351,20([1]),([2])
352,56([1]),([1 1])
353,4([1]),([1 1])
354,104([1 1]),([1 1])
355,41([1]),([0 1])
356,3([1]),([1 1])
357,26([1]),([0 1])
358,63([1]),([2 1])
359,14([1]),([0 1])
360,136([1]),([1 1])
361,132([1]),([1 1])
362,6([1]),([1 1])
363,5([1]),([1 1])
364,1([1]),([1 1])
365,88([1]),([2])
366,2([1]),([1 1])
367,107([1]),([1 1])
368,48([1]),([1 1])
369,11([1]),([0 1])
370,69([1]),([2 1])
371,27([2]),([1])
372,92([0 1]),([2 1])
373,25([1]),([1 1])
374,16([1 1]),([2 2])
375,67([1]),([1 1])
376,120([2]),([1 1])
377,5([1 1]),([1])
378,140([1 1]),([1 1])
379,44([1]),([2])
380,13([1]),([1 1])
381,143([1]),([0 1])
382,92([1]),([2 1])
383,70([1]),([2 1])
384,128([1]),([1 1])
385,22([1]),([2])
386,1([1]),([0 1])
387,10([1]),([0 1])
388,27([1]),([1 1])
389,60([1]),([1 1])
390,52([1 1]),([2 1])
391,145([1 1]),([0 1])
392,80([1]),([2 1])
393,71([1]),([1 1])
394,4([1 1]),([1 1])
395,4([1]),([1 1])
396,20([1]),([1 1])
397,1([1 1]),([1])
398,19([1]),([2 1])
399,25([1]),([1 1])
400,40([1]),([2 1])
